Gryffindor_bias:-2.8269803369457462
Gryffindor_weights:1.0842191703015505,-1.9838071561882247,2.1725121770389175,-1.0842191703015505
Gryffindor_means:39.47007203478073,1.127431182815179,495.7477678139312,-0.3947007203478067
Gryffindor_stds:521.324791420349,5.222257898649118,106.30251172750816,5.213247914203489
Slytherin_bias:-2.950890461554221
Slytherin_weights:-1.1466992291249343,-1.9228005078424053,-2.087364938042307,1.1466992291249352
Slytherin_means:39.47007203478073,1.127431182815179,495.7477678139312,-0.3947007203478067
Slytherin_stds:521.324791420349,5.222257898649118,106.30251172750816,5.213247914203489
Ravenclaw_bias:-2.1665407429455596
Ravenclaw_weights:-1.1542393564118398,1.9259399708567058,1.9854524817634835,1.1542393564118403
Ravenclaw_means:39.47007203478073,1.127431182815179,495.7477678139312,-0.3947007203478067
Ravenclaw_stds:521.324791420349,5.222257898649118,106.30251172750816,5.213247914203489
Hufflepuff_bias:-1.5994365783507736
Hufflepuff_weights:1.1652707506290574,1.9396221475314845,-2.2639097399982693,-1.1652707506290576
Hufflepuff_means:39.47007203478073,1.127431182815179,495.7477678139312,-0.3947007203478067
Hufflepuff_stds:521.324791420349,5.222257898649118,106.30251172750816,5.213247914203489
